1 -0.054625 -0.067103 -0.046533 -0.064323 -0.044477 -0.051368 -0.079468 -0.081647 -0.040569 -0.054731 -0.086835 -0.051223 -0.054303 -0.15181 -0.054731 -0.04325 -0.053438 -0.055157 -0.056938
-0.054625 1 -0.060419 -0.044436 0.0030112 -0.013042 0.014531 -0.06872 -0.05689 -0.026207 -0.04928 -0.078185 -0.04612 -0.017407 0.089466 -0.018016 -0.038942 -0.036134 -0.041902 -0.039953
-0.067103 -0.060419 1 -0.046225 -0.068325 -0.053593 -0.090151 -0.083177 -0.085689 -0.044872 -0.05728 -0.087247 -0.053196 -0.060063 -0.17478 -0.05728 -0.035691 -0.059106 -0.061008 -0.059834
-0.046533 -0.044436 -0.046225 1 -0.053569 -0.038507 -0.04645 -0.070424 -0.069545 -0.035952 -0.048503 -0.074275 -0.045393 -0.040137 -0.024105 -0.040573 -0.038328 -0.039253 -0.044943 -0.050458
-0.064323 0.0030112 -0.068325 -0.053569 1 -0.051373 -0.062719 -0.059772 0.081124 -0.043014 0.21566 -0.057841 -0.047131 -0.050769 0.11814 0.026442 -0.037456 0.012403 -0.05848 0.05375
-0.044477 -0.013042 -0.053593 -0.038507 -0.051373 1 0.1731 -0.063469 -0.06521 -0.032402 -0.043713 -0.069353 -0.04091 -0.021407 0.030442 -0.03499 -0.034543 -0.04268 -0.035391 -0.045475
-0.051368 0.014531 -0.090151 -0.04645 -0.062719 0.1731 1 -0.10158 -0.098974 -0.045118 -0.069949 -0.088422 -0.044588 0.042803 0.020771 -0.059088 -0.046065 -0.070823 -0.046306 -0.075797
-0.079468 -0.06872 -0.083177 -0.070424 -0.059772 -0.063469 -0.10158 1 -0.05484 -0.053141 -0.051904 -0.075565 -0.067096 -0.071131 -0.19593 -0.02929 -0.053139 -0.026664 -0.07225 -0.044576
-0.081647 -0.05689 -0.085689 -0.069545 0.081124 -0.06521 -0.098974 -0.05484 1 -0.054598 0.38823 -0.064567 -0.065998 -0.070296 0.027758 0.17526 -0.058206 0.15138 -0.068738 0.17158
-0.040569 -0.026207 -0.044872 -0.035952 -0.043014 -0.032402 -0.045118 -0.053141 -0.054598 1 -0.036599 -0.05111 -0.028781 -0.036313 -0.077054 -0.036599 -0.022518 -0.035734 -0.036884 -0.038075
-0.054731 -0.04928 -0.05728 -0.048503 0.21566 -0.043713 -0.069949 -0.051904 0.38823 -0.036599 1 -0.070435 -0.046211 -0.048989 0.074837 0.13787 -0.039018 0.031524 -0.04976 0.0050997
-0.086835 -0.078185 -0.087247 -0.074275 -0.057841 -0.069353 -0.088422 -0.075565 -0.064567 -0.05111 -0.070435 1 -0.064921 -0.075071 -0.13628 -0.046726 -0.045531 0.0015865 -0.078947 -0.068785
-0.051223 -0.04612 -0.053196 -0.045393 -0.047131 -0.04091 -0.044588 -0.067096 -0.065998 -0.028781 -0.046211 -0.064921 1 -0.041675 0.055858 -0.042067 -0.036517 -0.045118 -0.04657 -0.048073
-0.054303 -0.017407 -0.060063 -0.040137 -0.050769 -0.021407 0.042803 -0.071131 -0.070296 -0.036313 -0.048989 -0.075071 -0.041675 1 0.088281 -0.033274 -0.033829 -0.043816 -0.04937 -0.050964
-0.15181 0.089466 -0.17478 -0.024105 0.11814 0.030442 0.020771 -0.19593 0.027758 -0.077054 0.074837 -0.13628 0.055858 0.088281 1 -0.015293 -0.057404 0.0094986 -0.045125 0.004771
-0.054731 -0.018016 -0.05728 -0.040573 0.026442 -0.03499 -0.059088 -0.02929 0.17526 -0.036599 0.13787 -0.046726 -0.042067 -0.033274 -0.015293 1 -0.039018 0.10727 -0.034265 0.054037
-0.04325 -0.038942 -0.035691 -0.038328 -0.037456 -0.034543 -0.046065 -0.053139 -0.058206 -0.022518 -0.039018 -0.045531 -0.036517 -0.033829 -0.057404 -0.039018 1 -0.038096 -0.039322 -0.040591
-0.053438 -0.036134 -0.059106 -0.039253 0.012403 -0.04268 -0.070823 -0.026664 0.15138 -0.035734 0.031524 0.0015865 -0.045118 -0.043816 0.0094986 0.10727 -0.038096 1 -0.048584 0.11912
-0.055157 -0.041902 -0.061008 -0.044943 -0.05848 -0.035391 -0.046306 -0.07225 -0.068738 -0.036884 -0.04976 -0.078947 -0.04657 -0.04937 -0.045125 -0.034265 -0.039322 -0.048584 1 -0.051766
-0.056938 -0.039953 -0.059834 -0.050458 0.05375 -0.045475 -0.075797 -0.044576 0.17158 -0.038075 0.0050997 -0.068785 -0.048073 -0.050964 0.004771 0.054037 -0.040591 0.11912 -0.051766 1
